SplineFontDB: 3.0
FontName: Untitled
FullName: UntitledRegular
FamilyName: Untitled
Weight: Book
Copyright: 
Version: 1.0
ItalicAngle: 0
UnderlinePosition: -102.4
UnderlineWidth: 102.4
Ascent: 1536
Descent: 512
sfntRevision: 0x00010000
LayerCount: 2
Layer: 0 1 "Back"  1
Layer: 1 1 "Fore"  0
NeedsXUIDChange: 1
XUID: [1021 545 1002448030 16742010]
FSType: 4
OS2Version: 3
OS2_WeightWidthSlopeOnly: 0
OS2_UseTypoMetrics: 1
CreationTime: 1336017388
ModificationTime: 1335995393
PfmFamily: 81
TTFWeight: 400
TTFWidth: 5
LineGap: 18
VLineGap: 0
Panose: 0 0 0 0 0 0 0 0 0 0
OS2TypoAscent: 0
OS2TypoAOffset: 1
OS2TypoDescent: 0
OS2TypoDOffset: 1
OS2TypoLinegap: 0
OS2WinAscent: 0
OS2WinAOffset: 1
OS2WinDescent: 0
OS2WinDOffset: 1
HheadAscent: 1016
HheadAOffset: 1
HheadDescent: -508
HheadDOffset: 1
OS2SubXSize: 1434
OS2SubYSize: 1331
OS2SubXOff: 0
OS2SubYOff: 287
OS2SupXSize: 1434
OS2SupYSize: 1331
OS2SupXOff: 0
OS2SupYOff: 977
OS2StrikeYSize: 102
OS2StrikeYPos: 512
OS2Vendor: 'pyrs'
OS2CodePages: 00000001.00000000
OS2UnicodeRanges: 00000002.00000000.00000000.00000000
MarkAttachClasses: 1
DEI: 91125
LangName: 1033 "" "" "Regular" "1.000;pyrs;Untitled" 
Encoding: UnicodeBmp
Compacted: 1
UnicodeInterp: none
NameList: Adobe Glyph List
DisplaySize: -48
AntiAlias: 1
FitToEm: 1
WinInfo: 0 34 15
BeginPrivate: 0
EndPrivate
BeginChars: 65537 2

StartChar: .notdef
Encoding: 65536 -1 0
Width: 1024
Flags: HW
LayerCount: 2
EndChar

StartChar: paragraph
Encoding: 182 182 1
Width: 1900
Flags: HWO
LayerCount: 2
Fore
SplineSet
810.235 77.6577 m 2,0,1
 803.309 77.6577 803.309 77.6577 791.768 67.4731 c 128,-1,2
 780.226 57.2885 780.226 57.2885 763.49 44.5577 c 128,-1,3
 746.755 31.8269 746.755 31.8269 726.556 18.4596 c 128,-1,4
 706.358 5.09231 706.358 5.09231 683.275 0 c 1,5,-1
 408.58 0 l 2,6,7
 365.875 0 365.875 0 339.906 33.7365 c 128,-1,8
 313.937 67.4731 313.937 67.4731 300.087 117.123 c 128,-1,9
 286.237 166.773 286.237 166.773 281.62 221.515 c 128,-1,10
 277.003 276.258 277.003 276.258 277.003 318.269 c 2,11,-1
 277.003 360.281 l 2,12,13
 277.003 392.108 277.003 392.108 287.391 425.208 c 128,-1,14
 297.779 458.308 297.779 458.308 324.325 458.308 c 0,15,16
 340.483 458.308 340.483 458.308 358.373 453.215 c 128,-1,17
 376.263 448.123 376.263 448.123 402.232 443.031 c 128,-1,18
 428.201 437.938 428.201 437.938 471.483 432.846 c 128,-1,19
 514.764 427.754 514.764 427.754 586.324 427.754 c 0,20,21
 676.35 427.754 676.35 427.754 740.984 462.763 c 128,-1,22
 805.618 497.773 805.618 497.773 850.631 541.058 c 128,-1,23
 895.644 584.342 895.644 584.342 923.344 619.988 c 0,24,25
 952.199 658.181 952.199 658.181 969.511 659.454 c 2,26,-1
 1021.45 662 l 1,27,28
 1075.7 644.177 1075.7 644.177 1127.63 618.079 c 128,-1,29
 1179.57 591.981 1179.57 591.981 1232.66 564.61 c 128,-1,30
 1285.76 537.238 1285.76 537.238 1345.2 514.96 c 128,-1,31
 1404.64 492.681 1404.64 492.681 1475.04 482.496 c 1,32,-1
 1488.89 482.496 l 2,33,34
 1533.91 482.496 1533.91 482.496 1577.76 503.502 c 128,-1,35
 1621.62 524.508 1621.62 524.508 1671.25 524.508 c 0,36,37
 1711.65 524.508 1711.65 524.508 1724.35 499.683 c 128,-1,38
 1737.04 474.858 1737.04 474.858 1737.04 437.938 c 0,39,40
 1737.04 378.104 1737.04 378.104 1713.38 301.083 c 128,-1,41
 1689.72 224.062 1689.72 224.062 1647.59 159.135 c 128,-1,42
 1605.46 94.2077 1605.46 94.2077 1547.76 47.1038 c 0,43,44
 1486.58 0 1486.58 0 1425.41 0 c 2,45,-1
 1125.33 0 l 1,46,47
 1104.55 7.63846 1104.55 7.63846 1083.2 19.7327 c 128,-1,48
 1061.85 31.8269 1061.85 31.8269 1040.49 44.5577 c 128,-1,49
 1019.14 57.2885 1019.14 57.2885 994.326 67.4731 c 128,-1,50
 969.511 77.6577 969.511 77.6577 940.657 77.6577 c 2,51,-1
 810.235 77.6577 l 2,0,1
EndSplineSet
EndChar
EndChars
EndSplineFont
